Linux 2.6.31-302-rs (flip-edesign) 	11/06/10

00:00:01    kbmemfree kbmemused  %memused kbbuffers  kbcached kbswpfree kbswpused  %swpused  kbswpcad
00:10:01        11344    317692     96.55      7168    118764    972860     75700      7.22     13180
00:20:01        10552    318484     96.79      7452    119516    972860     75700      7.22     13200
00:30:01        12324    316712     96.25      7728    117328    972684     75876      7.24     13200
00:40:01        13436    315600     95.92      8012    115808    972848     75712      7.22     13916
00:50:01        13172    315864     96.00      8280    115820    972852     75708      7.22     13916
01:00:01        11708    317328     96.44      8552    115856    972852     75708      7.22     13916
01:10:01        21428    307608     93.49      8848    107416    972836     75724      7.22     13620
01:20:01        17996    311040     94.53      9076    106588    972896     75664      7.22     13576
01:30:01        20364    308672     93.81      9440    106628    972884     75676      7.22     13572
01:40:01        20580    308456     93.75      9660    105700    972868     75692      7.22     13556
01:50:01        21052    307984     93.60      9896    105720    972868     75692      7.22     13556
02:00:01        21628    307408     93.43     10140    104032    972816     75744      7.22     13564
02:10:01        23444    305592     92.87     10336    103180    972780     75780      7.23     13540
02:20:01        24228    304808     92.64     10532    101584    972704     75856      7.23     13496
02:30:01        26788    302248     91.86     10724    100060    972668     75892      7.24     13416
02:40:01        53796    275240     83.65     10964     72556    972656     75904      7.24     13376
02:50:01        53388    275648     83.77     11228     72672    972660     75900      7.24     13372
03:00:01        50124    278912     84.77     11480     72696    972672     75888      7.24     13372
03:10:01        51148    277888     84.46     11800     72752    972672     75888      7.24     13372
03:20:01        47844    281192     85.46     12032     73480    972688     75872      7.24     13372
03:30:01        47468    281568     85.57     12308     73472    972688     75872      7.24     13372
03:40:01        50228    278808     84.73     12620     73572    972688     75872      7.24     13420
03:50:01        47340    281696     85.61     13160     74340    972732     75828      7.23     13460
04:00:01        44100    284936     86.60     13432     74336    972744     75816      7.23     13460
04:10:01         4492    324544     98.63     19220     96088    971424     77136      7.36     12712
04:20:01         6052    322984     98.16     19276     95212    971380     77180      7.36     12728
04:30:01        13988    315048     95.75     18432     88492    971324     77236      7.37     12920
04:40:01        13268    315768     95.97     18720     88740    971336     77224      7.36     12908
04:50:01        13204    315832     95.99     18948     88736    971336     77224      7.36     12908
05:00:01        12588    316448     96.17     19172     88744    971336     77224      7.36     12908
05:10:01        11448    317588     96.52     19296     90820    971268     77292      7.37     12920
05:20:01        10864    318172     96.70     19580     91204    971308     77252      7.37     12900
05:30:01         8856    320180     97.31     19852     92576    971320     77240      7.37     12940
05:40:01        14692    314344     95.53     19508     88964    971064     77496      7.39     12980
05:50:01        14244    314792     95.67     19756     89020    971068     77492      7.39     12976
06:00:01        12572    316464     96.18     19968     89120    971068     77492      7.39     12988
06:10:01        13452    315584     95.91     20240     89248    971464     77096      7.35     12760
06:20:01        21432    307604     93.49     20584     84388    971500     77060      7.35     14020
06:30:01        23308    305728     92.92     20704     83496    971408     77152      7.36     14048
06:40:01        22604    306432     93.13     20920     83520    971460     77100      7.35     14052
06:50:01        22444    306592     93.18     21176     83520    971460     77100      7.35     14052
07:00:01        20092    308944     93.89     21376     84812    971496     77064      7.35     14028
07:10:01        22004    307032     93.31     21628     84476    971512     77048      7.35     14080
07:20:01        23532    305504     92.85     21636     83236    971492     77068      7.35     14028
07:30:01        23220    305816     92.94     21888     83444    971516     77044      7.35     14076
07:40:01        24108    304928     92.67     21968     82488    971492     77068      7.35     14060
07:50:01        25756    303280     92.17     22084     81632    971452     77108      7.35     13948
08:00:01        24228    304808     92.64     22324     81636    971452     77108      7.35     13948
08:10:01        24964    304072     92.41     22628     81712    971456     77104      7.35     13944
08:20:01        26024    303012     92.09     22664     81020    971372     77188      7.36     14020
08:30:01        24232    304804     92.64     23008     82420    971492     77068      7.35     14040
08:40:01        22264    306772     93.23     23308     84376    971540     77020      7.35     14128
08:50:01        29032    300004     91.18     23664     85112    971848     76712      7.32     14280
09:00:02        29416    299620     91.06     23684     84412    971836     76724      7.32     14264
09:10:01        22960    306076     93.02     23968     84496    971836     76724      7.32     14324
09:20:01        23544    305492     92.84     24028     83948    971820     76740      7.32     14212
09:30:01        23616    305420     92.82     24260     83952    971820     76740      7.32     14212
09:40:01        12376    316660     96.24     24392     83828    971828     76732      7.32     14200
09:50:01        12916    316120     96.07     24492     83184    971776     76784      7.32     14224
10:00:01         9408    319628     97.14     24676     84508    971744     76816      7.33     14380
10:10:01        18772    310264     94.29     22164     78484    971236     77324      7.37     14392
10:20:01        20788    308248     93.68     21540     77448    971300     77260      7.37     14548
10:30:01        37712    291324     88.54     22188     78192    971768     76792      7.32     14472
10:40:01        29736    299300     90.96     22776     78776    971780     76780      7.32     14468
10:50:01        28760    300276     91.26     23368     78816    971780     76780      7.32     14468
11:00:01        36056    292980     89.04     24408     80180    971848     76712      7.32     14528
11:10:01        28880    300156     91.22     24988     81120    971868     76692      7.31     14548
11:20:01        27344    301692     91.69     25964     81292    971868     76692      7.31     14548
11:30:01        26960    302076     91.81     26360     81176    971820     76740      7.32     14540
Average:        23677    305359     92.80     17850     88637    971957     76603      7.31     13716
